13 12
33 12
65 18
96 22
130 29
148 31
163 32
175 33
186 33
191 35
194 35
196 35
197 35
200 35
201 35
202 35
203 36
203 38
201 42
196 47
193 49
189 55
182 64
172 74
164 80
159 85
154 90
152 92
150 95
148 96
144 100
143 100
138 103
132 107
113 118
93 126
74 140
60 148
49 155
41 159
32 164
26 168
23 171
21 173
17 175
15 176
11 179
7 182
5 183
4 185
10 185
22 183
34 180
47 178
70 176
84 173
99 171
109 171
117 171
120 171
121 170
123 170
124 170
125 170
127 170
129 171
129 172
134 172
137 173
147 174
159 175
164 175
167 177
169 177
170 177
171 177
172 177
